50
0.912
100
4.637
200
30.393
400
215.505
800
4812.05
1600
46477.209
3200
379789.223
4000
819884.145
50
0.865
100
4.365
200
33.787
400
219.046
800
2003.194
1600
41046.062
3200
391448.725
4000
838363.916
50
0.98
100
4.129
200
33.905
400
217.472
800
2316.942
1600
40613.849
3200
392485.106
4000
841414.635
50
0.91
100
4.567
200
29.471
400
216.598
800
1841.765
1600
40647.267
3200
381732.345
4000
825456.728
50
0.94
100
4.458
200
31.748
400
217.092
800
2106.349
1600
41389.673
3200
381732.345
4000
827982.187
50
0.953
100
4.112
200
16.132
400
115.157
800
1815.518
1600
24358.746
3200
201315.528
4000
452676.294
50
0.788
100
2.562
200
19.329
400
115.718
800
2362.085
1600
24041.075
3200
202057.315
4000
453418.776
50
0.781
100
2.558
200
20.215
400
115.866
800
2321.015
1600
24212.438
3200
201571.396
4000
452497.699
50
0.767
100
2.568
200
22.005
400
115.843
800
2378.232
1600
24672.495
3200
201595.213
4000
456855.569
50
0.773
100
2.589
200
19.436
400
116.213
800
2374.851
1600
24594.539
3200
206293.974
4000
457340.505
50
1.318
100
3.583
200
17.275
400
115.136
800
2180.045
1600
23969.887
3200
188311.639
4000
432733.011
50
1.259
100
3.178
200
16.248
400
114.721
800
2060.592
1600
23058.147
3200
190503.335
4000
434670.837
50
1.205
100
3.111
200
18.57899999999995
400
116.169
800
2069.841
1600
24585.375
3200
189423.539
4000
406182.762
50
1.221
100
3.15
200
16.151
400
115.292
800
2129.857
1600
24506.411
3200
192699.509
4000
427008.74
50
1.216
100
3.141
200
19.136
400
116.765
800
1985.83
1600
24431.623
3200
191743.712
4000
426550.272
